KEY=053b6f6b4d035c2db233264e649139ec
PANAMA_LAT=8.9293901
PANAMA_LNG=-79.2234208
INDIA_LAT=25.2702081
INDIA_LNG=91.7147788
ESPANA_LAT=42.3441047
ESPANA_LNG=-3.7647329